ADR;1029111;31/05/2024;002465
ITM;191;2;;11
